[ 1.71987079e-02  1.97054133e-01 -7.33556375e-02 -1.60381272e-01
  2.54003312e-02  1.52735084e-01  1.31013580e-02 -2.18931451e-01
  3.17010805e-02  1.98857412e-01  4.84880984e-01 -2.08259344e-01
 -3.11961353e-01  7.62986019e-02  3.35649639e-01 -9.79114249e-02
  2.99174450e-02 -1.86356977e-01  1.82563707e-01 -4.34757769e-01
 -1.73527330e-01  3.29192936e-01  1.36975735e-01 -1.74560457e-01
  4.64687049e-02 -6.25095814e-02 -2.23795548e-01 -5.48416853e-01
 -1.80875972e-01  1.08640112e-01  3.07547092e-01  4.19576094e-02
 -3.50817777e-02 -1.50935203e-01  1.20235816e-01  2.17053629e-02
  3.78569394e-01 -4.23176326e-02 -9.04986262e-02  6.82252049e-02
 -2.01302484e-01 -5.88006303e-02 -8.04285556e-02  7.64279813e-02
 -2.11293072e-01  2.47747332e-01  4.99882698e-02  1.81560501e-01
 -1.31223828e-01 -8.43037963e-02  3.30114067e-01  7.25280195e-02
 -3.38006169e-01 -3.95023793e-01  6.01784885e-02  9.27166827e-03
  1.67950869e-01  2.53387898e-01  4.82092425e-02 -2.27175951e-01
  1.61892846e-02 -7.57696331e-02  1.39492959e-01 -1.78679600e-01
  1.32356718e-01  2.31399700e-01 -2.30609804e-01 -4.77343202e-02
 -1.43071264e-01  1.91148706e-02  7.75820613e-02 -6.13465235e-02
  8.37036073e-02 -8.48018304e-02 -2.90799513e-03  4.44866568e-02
  2.28221998e-01  1.93893626e-01 -7.38921016e-02  2.33286515e-01
 -2.42999688e-01  3.91228385e-02  1.00808203e-01  3.75206470e-01
  1.01631001e-01 -1.35509923e-01 -1.31041193e-02  3.99309546e-02
  1.00739352e-01 -2.22103342e-01  8.91139358e-02 -9.11536962e-02
 -8.22951738e-03  8.15734938e-02 -2.61184126e-02 -1.93424851e-01
  2.46584624e-01 -6.42524362e-02  3.78323674e-01  7.61308074e-02
  6.39027506e-02 -4.78940532e-02  3.10455803e-02 -2.33806521e-02
  6.48068078e-03 -1.42473221e-01 -7.71462470e-02  1.79720089e-01
 -1.20817572e-01  1.79542243e-01  2.91992240e-02  2.94930004e-02
 -1.19734611e-02 -8.44961926e-02  7.97772780e-03  4.29856211e-01
 -4.50708624e-03 -2.36246809e-01 -1.16323903e-02 -1.73456565e-01
  1.25549659e-01  2.12251827e-01 -3.78094912e-01  3.04094434e-01
  2.13423267e-01 -7.13508278e-02 -2.26364806e-01 -1.81894138e-01
 -1.23843662e-02 -1.28042442e-03  7.76931942e-02 -3.05115078e-02
 -2.12417245e-01  1.19647719e-01  3.02480370e-01  8.98995101e-02
  1.80462614e-01  2.02321738e-01 -3.30291301e-01  2.86100116e-02
 -1.40058205e-01 -9.81632546e-02 -1.00964040e-01 -5.30277565e-02
 -2.32041210e-01 -2.86398754e-02  8.04167390e-02 -5.63055612e-02
 -1.87151253e-01  1.38563633e-01  2.67258048e-01 -1.01827510e-01
  1.71913609e-01 -9.03060734e-02  7.90794194e-02 -5.03886789e-02
  1.83435947e-01 -1.67408064e-02 -1.85210392e-01  2.14080900e-01
  4.27948497e-02 -6.37362152e-02 -2.10448444e-01  5.72468452e-02
 -8.23177025e-02 -1.48625150e-02  3.26160997e-01  4.71327394e-01
  3.02396268e-01 -1.05332345e-01  1.68267503e-01  4.24375981e-02
 -7.68549591e-02  1.25230253e-01 -2.71029379e-02  2.78288215e-01
 -9.94251743e-02 -1.35480136e-01 -1.10901527e-01  1.36576608e-01
  5.16093336e-03  2.98229363e-02 -1.22200944e-01  2.20140755e-01
 -1.80351198e-01  1.35139912e-01 -5.55267408e-02 -1.58815011e-02
 -1.07372656e-01  2.74937332e-01  1.46391198e-01  1.45467669e-02
 -2.13049114e-01 -7.57827908e-02  1.16229847e-01 -1.80914253e-01
  9.45689902e-02 -1.36961460e-01 -1.76858559e-01  2.98925135e-02
  1.48212463e-01  1.89322829e-01  1.29373580e-01  5.76058216e-02
 -1.77383214e-01 -1.58126697e-01  3.24158370e-01 -3.86605978e-01
 -1.84707284e-01  1.16114415e-01 -3.74841169e-02 -2.23240748e-01
  1.90398544e-01 -5.10251895e-02 -3.50845084e-02 -6.75911903e-02
 -1.19621038e-01  3.67090166e-01 -4.05583233e-02 -2.04542093e-02
 -6.52045086e-02  2.49183118e-01  6.22366965e-02 -1.44758224e-01
  6.81168735e-02 -1.26182422e-01 -2.77723342e-01  1.75672323e-01
 -9.90426689e-02  1.06263245e-02 -7.82065988e-02 -9.55765396e-02
  7.13710785e-02 -1.12619631e-01 -1.97837800e-01 -4.30253208e-01
  8.74112844e-02 -6.58830032e-02 -1.90150708e-01  3.21530879e-01
 -1.08870000e-01 -1.22573711e-02 -4.03242320e-01 -2.04281181e-01
 -1.47672012e-01  1.03328630e-01  1.00543097e-01 -1.68389618e-01
  6.38630688e-02  1.18738890e-01 -9.82581675e-02 -5.54767586e-02
 -1.38835147e-01 -5.89047559e-02  2.51038998e-01 -9.53678042e-02
  7.30414614e-02  6.78871125e-02  6.77441061e-02  1.32694542e-01
 -4.00408246e-02 -1.83829173e-01 -1.69691518e-01  3.29479903e-01
 -2.98225880e-01  3.01494487e-02  1.00469165e-01 -1.29849970e-01
 -9.19248089e-02 -1.18585706e-01  5.80408424e-02  2.23392963e-01
 -1.47308931e-01 -2.89084256e-01 -3.66366118e-01  1.62640631e-01
  2.24572629e-01 -1.35427669e-01 -4.02692556e-01 -7.74032548e-02
  4.44826521e-02  1.08037464e-01  6.05528802e-02 -3.85655975e-03
  3.01507950e-01 -1.06737487e-01  1.68929368e-01 -2.29492754e-01
  1.29786462e-01  3.77225466e-02  1.04679346e-01 -5.23102164e-01
  8.45841020e-02 -3.36339265e-01  5.55055961e-03  1.70030415e-01
 -9.44016203e-02 -1.66441068e-01 -1.80150703e-01  5.76744005e-02
 -9.08906087e-02 -1.73537329e-01 -1.97037950e-01  2.44008582e-02
  1.16880625e-01  2.39714980e-01 -9.30019468e-03 -3.42261255e-01
  2.63899535e-01  1.76452026e-01  1.15616992e-01  1.59865499e-01
 -3.08295578e-01 -5.92718087e-03 -3.54310945e-02 -6.44036010e-02
  4.43663687e-01 -9.34764892e-02 -1.29211485e-01  8.20493549e-02
  1.11726776e-01  5.40258884e-02 -2.57601775e-02  2.13227928e-01
  4.73968778e-03  5.88677302e-02  4.36854094e-01 -4.34555411e-02
  1.37753457e-01 -1.51798606e-01 -1.03030354e-01 -6.21372648e-02
 -2.47346714e-01  1.57302529e-01 -1.89500973e-01 -1.22449443e-01
  3.62779737e-01  1.50926858e-01 -4.51743603e-01 -6.90845624e-02
  1.59724966e-01 -1.20309424e-02 -3.27002078e-01 -3.99850346e-02
  1.74442694e-01 -1.04705952e-01  5.88410310e-02  6.10926524e-02
  2.18063414e-01 -5.34383953e-02 -2.16581121e-01  4.66690630e-01
 -3.11634362e-01 -1.09330574e-02  1.91112146e-01 -1.53279185e-01
  8.52506310e-02  7.38753527e-02  6.52249809e-03  1.90546513e-01
 -7.24974498e-02 -9.26326215e-02 -4.00804013e-01  1.26533154e-02
 -1.91155434e-01 -5.36928326e-02  5.69476932e-02  6.58341274e-02
 -1.02452293e-01 -5.62489852e-02 -2.47338954e-02  1.43393323e-01
  1.03798755e-01 -1.24758065e-01  9.19199213e-02  1.05772600e-01
 -1.99131116e-01  3.80491078e-01  1.70195669e-01 -1.92594066e-01
 -1.18084975e-01  1.63058490e-01 -7.94890970e-02  1.10581532e-01
 -1.07664317e-01  2.52884239e-01 -6.34599626e-02 -1.24758314e-02
 -1.95683822e-01  2.83780955e-02 -2.40400001e-01 -7.70929679e-02
  3.03968459e-01  6.40048981e-02  4.54605371e-03 -3.05590201e-02
 -1.87285244e-04 -1.30733520e-01  2.80464530e-01 -3.56016904e-02
 -1.92733198e-01  1.50459111e-01 -1.96204782e-01 -7.92062357e-02
 -5.95505610e-02 -5.82294464e-02 -3.39409083e-01 -3.05392332e-02
 -2.27248088e-01 -8.40233713e-02 -3.14581543e-02  9.47113261e-02
  1.28600210e-01 -5.14271520e-02  3.59885812e-01  8.00577253e-02
 -1.57400705e-02 -7.95197673e-03  1.78042263e-01  2.31616959e-01
  1.41506970e-01  1.51311442e-01  2.40774397e-02  3.13381732e-01
  3.19450200e-02 -3.60010862e-02 -3.61439511e-02 -2.63334755e-02
 -2.76285976e-01 -3.07079583e-01 -3.12898681e-02  4.37133312e-01
  1.24421045e-01 -2.35764310e-01  2.44461656e-01  2.28371009e-01
  4.50565107e-03  6.40440583e-02 -1.48765564e-01 -2.44302034e-01
 -2.55484462e-01 -3.38552386e-01 -1.98052265e-03 -1.28375143e-01
 -1.70929506e-01 -1.20416149e-01  5.14681995e-01 -1.06276937e-01
 -2.84672417e-02 -1.32882595e-02 -9.48804766e-02  2.14056313e-01
 -1.21699363e-01 -1.65009156e-01  1.30683742e-03  1.62816226e-01
 -2.15881854e-01 -9.22639593e-02 -2.25781389e-02  2.99235970e-01
 -2.47033894e-01  1.20500177e-01  9.97584611e-02  1.78980544e-01
  4.62635681e-02  1.25628248e-01 -2.21014485e-01 -1.11686096e-01
  1.89168286e-02 -8.65573883e-02 -2.36250401e-01  3.86976838e-01
  1.81695625e-01  8.16998929e-02 -2.07690597e-01 -1.19959891e-01
 -6.45013332e-01 -3.00146155e-02  1.39713287e-01 -6.57162294e-02
 -4.23234344e-01 -5.74519532e-03  3.80339533e-01  3.04577470e-01
  1.08660482e-01 -9.08970311e-02 -3.60400341e-02 -2.50667363e-01
  1.79026261e-01  4.15571898e-01 -1.04658619e-01  6.18089177e-02
  3.37679267e-01 -5.21321744e-02 -3.48478891e-02  1.77138578e-02
 -1.35475531e-01  5.02553463e-01 -5.88405654e-02  3.57295796e-02
  1.77681044e-01 -7.91634899e-03 -2.38186404e-01  2.86464363e-01
  8.81243311e-03  3.63347493e-03  4.33009118e-05  4.21083681e-02
 -1.61424935e-01  1.07222319e-01  1.17055044e-01  1.21511184e-01]